# Fitted ML parameters
# K 39.12
104 1
70.3069
20.7771
20.3432
29.8515
39.7983
32.3446
-11.5162
-10.0529
0.00527086
0.0188345
-0.0674902
-0.0173389
-0.0458496
-0.0423065
-0.16961
-0.146071
0.623111
-4.60627
14.1497
-21.5396
12.5954
6.88505
-12.9087
4.77502
0.200145
-1.41027
4.06379
-5.45422
1.70105
4.08068
-4.67196
1.48031
0.287056
-2.2403
7.41073
-12.3301
8.19615
3.95295
-9.05456
3.78528
98.3517
48.1177
-12.8894
0.187565
12.3028
-17.0031
2.6779
3.37477
2.40539
-37.2296
-9.8553
17.5971
24.984
28.421
-6.82641
-19.046
-12093.7
5989.58
-1330.43
-225.726
221.275
68.7199
-122.11
38.79
13962.5
-6176.32
781.891
1117.28
-1179.93
661.537
-224.074
36.3251
72409.9
-49789.7
22307.9
-6201.63
223.094
480.377
-53.0918
-38.7161
0.00961632
0.000627692
-0.0145664
-0.00393436
0.0160208
0.0159013
-0.00328484
-0.0243432
0.000157972
-3.28072e-06
4.52732e-06
-9.18365e-07
-1.48586e-06
-8.88711e-07
-2.17627e-06
2.49364e-06
-0.000112864
0.00012754
-0.000473198
-6.56594e-05
0.00074364
-6.3299e-05
-0.000250983
2.88422e-05
-134.291
